1042
928
926
843
728
1753
1319
1015
901
1218
1541
1298
494
791
1860
1298
557
744
759
1447
1520
689
1060
1038
895
1511
925
895
983
995
1147
1313
895
221
929
581
1310
1292
1426
618
1306
1289
1024
928
1342
1417
757
1953
1372
1137
1075
1294
722
865
902
1609
500
940
927
1036
1182
1058
1181
1416
1424
1041
1369
1089
1027
1102
1097
1121
975
734
1662
1694
732
1022
1299
899
968
1172
660
1069
1076
738
1745
619
797
1232
1243
1041
1667
1426
1425
752
1313
1153
812
1088
1130
1439
1390
606
1033
1387
1447
1433
492
1026
1018
1040
1320
1108
393
951
1004
266
1449
831
1691
1047
1468
750
634
1509
767
1195
967
907
1326
497
1498
1285
1552
1339
1425
325
1322
985
462
1322
935
1096
1444
1455
861
483
901
966
703
778
835
940
716
711
961
843
1912
1522
811
768
946
1369
758
1724
551
1669
1820
1565
1073
977
506
1318
1440
1762
920
1292
707
957
674
1018
763
922
901
855
1010
1448
1076
332
1404
929
1059
1394
742
746
682
591
1155
979
834
1514
1184
1372
1588
566
1124
1432
820
521
987
762
544
295
443
706
1334
1073
899
1462
239
1029
1112
1452
801
1186
1622
1023
894
1096
1352
1060
1319
1710
789
1211
1211
654
935
1227
508
779
1227
1455
416
1152
1475
814
787
1231
907
1402
1399
1145
746
1394
443
471
1269
1141
453
745
582
1830
1742
1402
1521
660
627
1546
402
965
788
1562
648
794
1021
1522
634
403
638
995
1498
406
1085
1364
873
742
932
398
771
1329
1454
1312
1495
1527
429
177
1261
1119
1400
1371
466
413
738
1842
689
848
667
676
1132
1380
379
707
873
1002
745
874
1151
1372
801
1183
1190
1407
1367
386
1411
1500
930
1326
956
458
1322
947
605
1508
1539
841
1274
1546
410
664
1678
973
549
1198
1193
1244
449
1403
1222
1423
1705
1691
684
1176
1694
1477
649
845
1193
924
522
547
1489
968
746
1559
905
590
1482
940
881
1206
700
840
1471
1155
772
755
394
1337
631
865
552
1118
1457
632
1647
875
921
855
1140
801
1595
1561
1419
848
1177
976
1225
959
793
1087
290
1247
1081
1026
1100
1623
769
843
971
1209
952
875
895
769
1775
745
1131
857
1199
753
809
808
477
765
1130
593
965
1167
441
1947
735
1625
1452
1062
771
448
1608
533
1204
1589
783
1372
1254
1711
1108
950
627
1845
847
872
1185
1370
928
1117
1404
1011
1483
1231
922
1269
898
1631
453
875
896
1085
1412
1055
1214
714
1356
675
707
701
849
1320
990
791
1880
733
1187
1281
1717
699
1155
1739
1618
848
720
1357
632
1174
1759
1185
790
1144
922
1234
850
1914
876
977
992
1459
1594
905
1535
1407
1319
775
1409
1071
796
1190
1147
1540
1587
624
262
689
1212
760
1405
1407
1207
879
934
580
516
1088
1025
982
783
1250
533
766
1390
1673
713
1299
482
955
517
1102
1531
1592
1001
1282
1337
714
1455
1797
1007
1524
944
833
1160
1098
1261
1275
1198
1111
1123
1203
1371
1197
1259
1312
1204
487
1203
345
1028
1198
1596
1025
1410
1050
1176
635
560
1025
1367
542
1716
526
1550
978
1033
970
660
1658
1491
1128
1123
660
1365
860
990
1225
1306
1187
1502
1349
1320
1623
1323
1646
885
1335
1057
1065
1168
1367
1222
617
1115
1540
1519
1333
1250
1544
1374
982
454
1477
1431
1209
1134
501
951
1901
1072
1338
387
1551
1160
835
1402
1652
1424
1100
363
1453
1343
971
941
207
1265
1624
1003
1303
839
1486
507
510
1613
1266
1320
1582
859
1131
486
1317
603
1191
974
717
1606
1045
437
1293
1496
1234
1199
505
1467
1390
594
839
1611
554
840
858
790
705
1837
1238
1023
1270
1480
961
975
1708
1154
648
1692
1045
1089
1286
744
1240
1435
847
1022
1239
524
462
1036
912
618
1214
1150
885
1171
1367
690
1273
653
687
1105
1345
979
608
640
1747
777
1060
1160
941
1192
1021
1070
1564
897
395
943
1595
790
1206
1345
435
1656
1469
1179
1078
1132
1442
1561
569
663
1041
1021
1213
1636
1281
1525
695
1049
1183
903
1140
1314
956
1542
1585
1036
1041
1243
1071
1149
1211
1390
1760
1369
1829
1340
721
1145
1485
1164
1405
1663
861
511
1035
1539
1479
740
781
780
707
536
1298
784
682
1024
1301
1473
1553
632
931
1860
386
1426
1738
1423
934
1019
1418
1503
1317
1323
1188
908
152
496
1163
714
1269
1273
1272
1005
701
1565
1249
890
1300
677
909
596
1298
814
1357
1404
1105
664
615
1344
1500
1278
1108
450
1279
1421
1011
1379
1017
980
1426
1145
1512
1327
1219
503
1468
1674
1100
687
1214
754
775
1749
1114
816
686
1160
466
1748
1198
1564
1273
1005
1350
1542
1419
964
409
889
1322
1516
672
1141
1246
805
1715
1178
1204
301
772
1299
1179
1629
1229
1733
999
898
1643
1055
1296
1114
388
1191
1156
877
1551
1032
686
1246
1245
1565
1017
1041
1300
547
1616
1177
75
1315
1371
895
1073
1084
166
574
689
1891
647
668
1569
1642
1085
1372
989
802
1055
1091
1752
836
951
1367
1267
846
865
1233
1013
619
512
1136
1033
1284
1553
947
366
655
1864
1360
1503
1298
1597
1240
995
734
489
836
598
1713
1140
1208
1108
538
1052
761
1060
1007
1062
1052
1619
495
956
1218
1351
762
1183
840
1220
851
1151
837
441
1117
961
986
1034
825
496
