0.0
0.09983341664682815
0.19866933079506122
0.29552020666133955
0.3894183423086505
0.479425538604203
0.5646424733950354
0.644217687237691
0.7173560908995228
0.7833269096274834
0.8414709848078965
0.8912073600614354
0.9320390859672263
0.963558185417193
0.9854497299884601
0.9974949866040544
0.9995736030415051
0.9916648104524686
0.9738476308781951
0.9463000876874145
0.9092974268256817
0.8632093666488737
0.8084964038195901
0.7457052121767203
0.675463180551151
0.5984721441039564
0.5155013718214642
0.4273798802338298
0.3349881501559051
0.23924932921398243
0.1411200080598672
0.04158066243329049
-0.058374143427580086
-0.1577456941432482
-0.2555411020268312
-0.35078322768961984
-0.44252044329485246
-0.5298361409084934
-0.6118578909427189
-0.6877661591839738
-0.7568024953079282
-0.8182771110644103
-0.8715757724135882
-0.9161659367494549
-0.9516020738895161
-0.977530117665097
-0.9936910036334644
-0.9999232575641008
-0.9961646088358407
-0.9824526126243325
-0.9589242746631385
-0.9258146823277325
-0.8834546557201531
-0.8322674422239013
-0.7727644875559871
-0.7055403255703919
-0.6312666378723216
-0.5506855425976376
-0.46460217941375737
-0.373876664830236
-0.27941549819892586
-0.18216250427209588
-0.0830894028174964
0.016813900484349713
0.11654920485049364
0.21511998808781552
0.31154136351337786
0.4048499206165983
0.49411335113860816
0.5784397643882001
0.6569865987187891
0.7289690401258759
0.7936678638491531
0.8504366206285644
0.8987080958116269
0.9379999767747389
0.9679196720314863
0.9881682338770004
0.998543345374605
0.998941341839772
0.9893582466233818
0.9698898108450863
0.9407305566797731
0.9021718337562933
0.8545989080882805
0.7984871126234903
0.7343970978741133
0.6629692300821833
0.5849171928917617
0.5010208564578846
0.4121184852417566
0.3190983623493521
0.22288991410024764
0.1244544235070617
0.024775425453357765
-0.0751511204618093
-0.17432678122297965
-0.27176062641094245
-0.3664791292519284
-0.45753589377532133
-0.5440211108893698
-0.6250706488928821
-0.6998746875935423
-0.7676858097635825
-0.8278264690856537
-0.87969575997167
-0.9227754216128067
-0.9566350162701879
-0.9809362300664916
-0.9954362533063774
-0.9999902065507035
-0.9945525882039892
-0.9791777291513174
-0.954019249902089
-0.9193285256646757
-0.8754521746884285
-0.8228285949687089
-0.7619835839190333
-0.6935250847771224
-0.6181371122370333
-0.5365729180004349
-0.44964746453460147
-0.3582292822368287
-0.26323179136580094
-0.1656041754483094
-0.06632189735120068
0.033623047221136695
0.13323204141994222
0.23150982510153895
0.32747443913769303
0.4201670368266409
0.5086614643723737
0.592073514707223
0.6695697621966024
0.7403758899524486
0.803784426551621
0.8591618148564958
0.9059547423084618
0.9436956694441048
0.9720075013949759
0.9906073556948704
0.9993093887479176
0.9980266527163617
0.9867719642746133
0.9656577765492774
0.934895055524683
0.8947911721405042
0.8457468311429343
0.7882520673753163
0.722881349511976
0.6502878401571168
0.5711968696599886
0.48639868885379967
0.39674057313061206
0.30311835674570226
0.2064674819377966
0.10775365229944406
0.007963183785937343
-0.09190685022768164
-0.19085858137418937
-0.2879033166650653
-0.3820714171840091
-0.47242198639846616
-0.5580522712867794
-0.6381066823479474
-0.711785342369123
-0.7783520785342984
-0.8371417780197468
-0.8875670335815046
-0.9291240127343684
-0.9613974918795568
-0.9840650050816434
-0.9969000660415961
-0.9997744310730111
-0.9926593804706332
-0.9756260054681576
-0.948844497918124
-0.9125824497911845
-0.8672021794855813
-0.8131571116614885
-0.7509872467716762
-0.6813137655554999
-0.6048328224062841
-0.5223085896267315
-0.43456562207189675
-0.34248061846961253
-0.2469736617366209
-0.1489990258141988
-0.04953564087836742
0.05042268780681122
0.14987720966295234
0.24783420798295983
0.3433149288198954
0.4353653603728932
0.5230657651576964
0.605539869719601
0.6819636200681356
0.7515734153521483
0.8136737375071054
0.8676441006416673
0.9129452507276277
0.9491245536478946
0.9758205177669755
0.9927664058359071
0.9997929001426692
0.9968297942787993
0.9839066946186161
0.9611527245021165
0.9287952340772404
0.8871575286923511
0.8366556385360561
0.7777941618010928
0.7111612229059825
0.6374225961502389
0.5573150535176614
0.47163900309419615
0.3812504916549401
0.28705265132772845
0.18998667579543774
0.09102241619984787
-0.008851309290403876
-0.10863659542407976
-0.20733642060675878
-0.30396460881104703
-0.3975556831214329
-0.4871745124605095
-0.5719256551095638
-0.6509623056662469
-0.723494756044245
-0.7887982859754165
-0.8462204041751706
-0.8951873678196818
-0.9352099151945389
-0.9658881542360704
-0.9869155581206488
-0.9980820279793963
-0.9992759921366277
-0.9904855208971565
-0.9717984457438633
-0.9434014817545555
-0.9055783620066238
-0.8587070026099295
-0.8032557266939547
-0.7397785850778934
-0.6689098203780243
-0.5913575298651244
-0.5078965903906221
-0.41936091607323134
-0.32663512610472223
-0.23064570592739567
-0.13235175009777303
-0.03273537933084532
0.06720807252547492
0.16648000353715925
0.2640885213844694
0.3590583540221683
0.4504405942753893
0.5373221810064718
0.6188350221200393
0.694164668252242
0.7625584504796027
0.8233330007380816
0.8758810798108894
0.9196776446620198
0.9542850944926969
0.979357643103917
0.9946447738778381
0.9999937428570207
0.9953511049115591
0.9807632477451529
0.956375928404503
0.9224328169230858
0.8792730616507243
0.8273279005953786
0.7671163526355301
0.6992400316550977
0.6243771354163914
0.5432756692322478
0.4567459721441928
0.36565262028262135
0.27090578830786904
0.1734521552458921
0.07426544558436131
-0.02566329986055949
-0.12533562609642912
-0.22375564018679642
-0.3199399618841981
-0.4129275492405401
-0.5017893010205741
-0.5856373399742976
-0.6636338842129675
-0.7349996180487777
-0.7990214786596137
-0.8550597807770702
-0.9025546082101854
-0.9410314083429535
-0.9701057337071853
-0.9894870832545352
-0.9989818049469494
-0.9984950306638146
-0.9880316240928618
-0.9676961321338052
-0.9376917403002811
-0.8983182425573547
-0.8499690458793281
-0.7931272394572851
-0.7283607678315934
-0.6563167561777904
-0.5777150444457317
-0.4933409949567783
-0.404037645323065
-0.3106972850943722
-0.2142525402958877
-0.11566705493723693
-0.0159258626001018
0.08397445569174683
0.183035728980588
0.2802681697690195
0.374700263649462
0.46538847635495545
0.5514266812416906
0.631955213006885
0.7061694571803344
0.7733278895662207
0.8327594853077798
0.8838704235458307
0.9261500206805285
0.9591758329530804
0.9826178773641395
0.9962419287548636
0.9999118601072672
0.9935910026803949
0.9773425123922587
0.9513287387867827
0.915809602890819
0.8711400001691764
0.8177662545264418
0.756221658786063
0.6871211462047443
0.611155146262596
0.5290826861200238
0.4417238066692238
0.3499513689566622
0.2546823328440351
0.15686859504841
0.057487478104924564
-0.04246803471695152
-0.1419992209740017
-0.24011159795377449
-0.3358248592171419
-0.428182669496151
-0.516262220079927
-0.5991834492142653
-0.6761178353877643
-0.7462966756449163
-0.8090187662119065
-0.863657408692956
-0.9096666718335282
-0.9465868462849605
-0.9740490378683264
-0.9917788534431158
-0.9995991425528029
-0.9974317674536479
-0.9852983838412038
-0.9633202244737609
-0.9317168878547055
-0.8908041440768614
-0.8409907797521016
-0.7827745135506544
-0.7167370231606575
-0.6435381333569995
-0.5639092232502625
-0.478645918588415
-0.38860014212734334
-0.2946716015002576
-0.19779879963646227
-0.09894965755028955
0.0008881568057175921
0.10071709699250053
0.1995397052387874
0.2963685787093853
0.39023623530794616
0.480204780438259
0.5653752781370229
0.6448967329448674
0.7179745927716441
0.783878687798293
0.8419505260923049
0.8916098730414407
0.932360548866189
0.9637953862840878
0.985600298790633
0.9975574189078051
0.999547275043892
0.9915499852141411
0.9736454556949781
0.9460125826269081
0.9089274645434138
0.8627606436856788
0.8079734036669851
0.7451131604793488
0.6748079928938668
0.5977603669052548
0.5147401169238381
0.42657675384457316
0.33415117684842055
0.23838687174889206
0.1402406838270716
0.040693257349864856
-0.05926076270338633
-0.158622668804709
-0.256399669633018
-0.3516148097168163
-0.4433167308503208
-0.5305891777502036
-0.6125601529754698
-0.6884106296376704
-0.7573827348468307
-0.8187873221268436
-0.8720108571392737
-0.9165215479156338
-0.9518746583469646
-0.9777169518400209
-0.9937902207405457
-0.9999338662588036
-0.996086503119594
-0.9822865729036345
-0.9586719599519926
-0.9254786136713307
-0.8830381910054188
-0.8317747426285983
-0.7722004759716072
-0.7049106374142481
-0.630577564780328
-0.5499439695603477
-0.46381551598382736
-0.3730527710886221
-0.27856260621955026
-0.1812891358696948
-0.0822042844004434
0.017701925105413577
0.11743126282709573
0.2159872661882241
0.31238519618149074
0.40566187655533587
0.4948853175526281
0.5791640280442709
0.6576559230138694
0.7295767373928534
0.7942078621778189
0.8509035245341184
0.899097240144582
0.9383074733335544
0.9681424484121893
0.988304064171637
0.9985908724117705
0.9989000907450211
0.9892286295640171
0.9696731229119208
0.940428962947006
0.9017883476488092
0.8541373612725007
0.7979521167226309
0.7337939983903741
0.6623040529862428
0.5841965844132856
0.500252016678587
0.4113090961545671
0.3182565111024882
0.22202401219308238
0.123573122745224
0.023887531502738858
-0.07603673605835357
-0.17520126968714714
-0.27261525014307375
-0.36730534913419133
-0.45832545449176587
-0.544766123410311
-0.6257636692994736
-0.7005087914549692
-0.7682546613236668
-0.8283243845676455
-0.880117764368662
-0.9231172983963569
-0.9568933495204878
-0.981108438603097
-0.9955206164785154
-0.9999858814294444
-0.9944596180045154
-0.9789970428011298
-0.9537526527594719
-0.918978681480152
-0.8750225789894467
-0.8223235401334913
-0.7614081162885409
-0.6928849542336957
-0.6174387147534618
-0.5358232317335149
-0.4488539801017046
-0.3573999278721113
-0.26237485370392877
-0.1647282167271322
-0.06543566986070695
0.03451068858880273
0.13411222764565714
0.23237376165548454
0.3283134938514034
0.42097282614277115
0.5094259371104293
0.5927890325083126
0.6702291758433747
0.7409726108017196
0.8043124923659141
0.8596159493767461
0.9063304079726637
0.9439891127251193
0.972215790304539
0.9907284090790484
0.9993419970813103
0.9979704901872812
0.9866275920404853
0.9654266371297417
0.9345794583884147
0.8943942706297692
0.8452725909664269
0.7877052269841179
0.722267372754513
0.6496128616861957
0.5704676336373782
0.48562248156477883
0.39592515018183416
0.3022718655737269
0.20559838040260117
0.10687062417628851
0.007075051999930937
-0.09279121175730869
-0.19173033639936585
-0.2887537548977434
-0.3828920413264772
-0.47320459704556483
-0.5587890488516163
-0.6387902651926438
-0.712408900359854
-0.7789093812857372
-0.8376272571470276
-0.8879758383376634
-0.929452058477416
-0.9616415008848646
-0.9842225392918875
-0.996969551427024
-0.9997551733586199
-0.9925515720731387
-0.975430723573431
-0.9485636937183082
-0.9122189289890194
-0.8667595742607592
-0.812639844379108
-0.7504004857954386
-0.6806633736071279
-0.6041252979871271
-0.5215510020869119
-0.433765540975684
-0.3416460379628515
-0.2461129206718663
-0.14812072443163635
-0.04864855487508726
0.051309694960699495
0.1507552752851691
0.24869455873205093
0.3441489683555804
0.43616475524782494
0.5238225280825324
0.6062464393693456
0.6826129366324043
0.7521589910744745
0.8141897215084345
0.8680853373804215
0.9133073315121647
0.9494038606867011
0.9760142603164502
0.9928726480845371
0.9998105805530253
0.9967587361940652
0.9837476080276871
0.9609071989456205
0.9284657227653786
0.8867473239932281
0.8361688390794311
0.7772356315262264
0.7105365424627492
0.6367380071391379
0.5565773961257936
0.4708556477503867
0.38042926538684807
0.2862017595567536
0.18911462035089152
0.09013791037146546
-0.00973942781276056
-0.10951945285370121
-0.20820519572405266
-0.3048106211022167
-0.3983704795113227
-0.4879499517729242
-0.572653989411214
-0.6516362576815548
-0.7241075918674496
-0.7893438823535511
-0.8466933096895727
-0.8955828573547701
-0.9355240371496152
-0.9661177700083929
-0.987058373465322
-0.9981366159327038
-0.9992418072737845
-0.9903629047820123
-0.9715886235161092
-0.9431065498885319
-0.9052012673640456
-0.8582515129958178
-0.802726393209964
-0.7391806966492228
-0.668249350908215
-0.5906410785467989
-0.507131315768532
-0.41855446451842543
-0.32579555541456173
-0.22978140481468803
-0.13147135437353982
-0.03184768561815004
0.06809419468449814
0.16735570030280691
0.26494504308412953
0.3598871425741427
0.45123336869842146
0.5380710201605928
0.6195324438519512
0.6948037041545392
0.7631327155167837
0.8238367570437177
0.8763092940185007
0.9200260381967907
0.9545501863215905
0.9795367845170094
0.9947361749533432
0.9999964903456066
0.9952651713612277
0.980589491775534
0.9561160861278065
0.9220894845974522
0.8788496697392535
0.8268286794901034
0.7665462903887128
0.6986048241402639
0.6236831294170677
0.5425297990269575
0.45595569022148996
0.36482582287824245
0.2700507365081657
0.17257739244581813
0.07337971212463937
-0.026551154023966794
-0.12621672981821014
-0.22462118976982778
-0.32078130904314506
-0.4137362875127194
-0.5025573497604873
-0.5863570250928222
-0.6642980148543038
-0.7356015584390794
-0.7995552144094876
-0.8555199789753223
-0.9029366707085427
-0.9413315176992298
-0.9703208913278909
-0.9896151393558494
-0.999021480034635
-0.9984459283175113
-0.9878942349269819
-0.9674718288954816
-0.9373827641533214
-0.8979276806892913
-0.8495008006552434
-0.7925859894286711
-0.7277519209898311
-0.6556463959192523
-0.5769898687885426
-0.4925682496163913
-0.40322505131547626
-0.3098529615903106
-0.21338492349669264
-0.11478481378318722
-0.015037812153175139
0.0848594423250458
0.18390880930634296
0.28112062025723483
0.375523566896625
0.46617440618717204
0.5521673849078803
0.6326432896408476
0.7067980317478022
0.7738906815578891
0.8332508714920985
0.8842854941544844
0.9264846284651933
0.9594266346233836
0.9827823669926928
0.996318462815671
0.9998996738972931
0.9934902179602213
0.9771541361694929
0.9510546532543747
0.9154525466208107
0.8707035407497848
0.8172547529159183
0.7556402257394118
0.6864755912087755
0.6104519194894429
0.5283288139791364
0.440926821601849
0.34911923417413226
0.25382336276203626
0.1559913722120709
0.056600767434840576
-0.04335537350085837
-0.14287832187593194
-0.2409736772881011
-0.3366613033721151
-0.4289851209982793
-0.5170226610990435
-0.5998942816750875
-0.6767719568873076
-0.7468875504173764
-0.8095404904318835
-0.8641047694644948
-0.9100351992756844
-0.9468728581933475
-0.9742496765064971
-0.9918921140961229
-0.9996238935576389
-0.9973677615064545
-0.9851462604682474
-0.9630815036415007
-0.9313939547827833
-0.8904002254057892
-0.8405099113037167
-0.7822215000035424
-0.716117390043384
-0.6428580718388389
-0.5631755282811168
-0.4778659210058768
-0.38778163540943045
-0.2938227638955397
-0.19692811244968383
-0.09806582040002382
0.001776312910836964
0.1016006978902495
0.2004099222810683
0.2972167169751811
0.39105382048004866
0.48098364347589934
0.5661076368981803
0.6455752699428805
0.7185925282891343
0.7844298476278219
0.8424294032270538
0.8920116826993705
0.9326812762980158
0.9640318268873361
0.9857500901289485
0.9976190643156521
0.9995201585807313
0.9914343778187099
0.9734425124781552
0.945724331330235
0.9085567852785591
0.862311240157329
0.8074497661666465
0.7445205210198249
0.6741522729327462
0.5970481181796262
0.5139784559875352
0.42577329096190625
0.33331393995491093
0.23752422623883931
0.13936124896924576
0.039805820166669656
-0.06014733523295702
-0.15949951834101572
-0.257258034985328
-0.35244611438228074
-0.4441126687075084
-0.5313417960511413
-0.6132619318068891
-0.6890545570574539
-0.7579623769450643
-0.8192968873112808
-0.872445254003028
-0.9168764361088418
-0.9521464919441047
-0.9779030147696511
-0.9938886539233752
-0.9999436861830071
-0.996007611667735
-0.9821197583330232
-0.9584188890186744
-0.9251418149764185
-0.8826210297301447
-0.8312813869105229
-0.7716358552579918
-0.7042803932086152
-0.6298879942744539
-0.5492019627147913
-0.4630284866857027
-0.3722285830745313
-0.2777094945036767
-0.1804156244623088
-0.08131910113879019
0.01858993576280033
0.11831322817125059
0.21685437391298126
0.31322878243308516
0.40647351249878755
0.49565689358989423
0.579887834842624
0.6583247285350505
0.730183859153167
0.7947472340173191
0.8513697572276862
0.8994856752492519
0.9386142297341663
0.9683644611001854
0.9884391148696253
0.9986376117378207
0.9988580516952367
0.9890982321786865
0.9694556700786149
0.9401266273825573
0.9014041501902339
0.8536751406938125
0.7974164913790545
0.7331903200732922
0.6616383534498556
0.5834755151072989
0.4994827822891638
0.4104993826174394
0.31741440880766936
0.22115793514834708
0.12269172450610251
0.022999618709098966
-0.0769222916753969
-0.1760756199485871
-0.27346965883011287
-0.36813127927767236
-0.4591146536706982
-0.545510706207386
-0.6264561960895026
-0.7011423427391804
-0.7688229068670624
-0.828821646648584
-0.8805390745088115
-0.9234584470040598
-0.9571509279516225
-0.9812798732191279
-0.9956041943614251
-0.9999807674966553
-0.9943658633527529
-0.9788155841958844
-0.9534853032751422
-0.9186281123844159
-0.8745922930528203
-0.8218178366308225
-0.7608320480420697
-0.6922442771269088
-0.6167398302202408
-0.535073122797084
-0.44806014160260915
-0.3565702915822329
-0.2615177090748213
-0.163852128064609
-0.06454939075307359
0.03539830273366068
0.13499230808060345
0.23323751490774314
0.32915228958398285
0.4217782833859938
0.5101900080017631
0.5935040827039737
0.6708880607981837
0.741568747154996
0.8048399237202818
0.8600694058124532
0.9067053587028945
0.9442818113661253
0.972423312308248
0.9908486809542003
0.9993738171110836
0.9979135404364571
0.986482441532148
0.9651947361597926
0.9342631240346855
0.8939966636005579
0.8447976840197418
0.7871577652331794
0.7216528262561783
0.6489373707859244
0.5697379476169631
0.48484589120574
0.3951094149183201
0.30142513596285736
0.20472911668674296
0.10598751175115685
0.006186914632966696
-0.09367550009112813
-0.19260194018330173
-0.28960396535491445
-0.38371236343503057
-0.4739868344181481
-0.5595253856309882
-0.6394733441450939
-0.7130318963862962
-0.7794660696158047
-0.8381120755349393
-0.8883839426383546
-0.9297793710476092
-0.9618847513255586
-0.9843792971250844
-0.997038250380271
-0.9997351270146861
-0.9924429807284667
-0.9752346722368396
-0.9482821412699473
-0.9118546886078871
-0.8663162853163362
-0.8121219360680021
-0.7498131328862885
-0.6800124447360528
-0.603417297020244
-0.5207930031358368
-0.43296511771538676
-0.34081118795795157
-0.24525198546765434
-0.1472423062080925
-0.04776143049672075
0.052196661640330246
0.15163322198820756
0.24955471330524379
0.344982736418755
0.4369638060661144
0.5245788778042787
0.6069525307981571
0.683261714736121
0.7527439734767368
0.814705063258458
0.868525889353781
0.9136686918591765
0.9496824188142243
0.9762072329637521
0.9929781071327172
0.9998274722901326
0.9966868918434463
0.9835877454343449
0.960660915403746
0.9281354790587077
0.8863364198077192
0.8356813800338723
0.7766764881502718
0.709911301532188
0.6360529158546612
0.5558392996930657
0.47007192098496936
0.3796077390275217
0.2853506420233468
0.18824241572844258
0.08925333344026325
-0.01062753865243582
-0.11040222389190282
-0.20907380660436528
-0.30565639295186264
-0.39918496165754186
-0.4887250061793565
-0.5733818719904229
-0.6523096956714092
-0.7247198564981747
-0.7898888560793348
-0.8471655473131
-0.8959776404338033
-0.9358374211421241
-0.9663466236851204
-0.9872004101959753
-0.9981904165332236
-0.9992068341863537
-0.9902395074461606
-0.9713780348772248
-0.9428108740786868
-0.9048234586781893
-0.857795346373455
-0.8021964265172008
-0.7385822251380614
-0.6675883543081758
-0.5899241613174027
